0.0264189 2.01715
0.0528377 2.03429
0.0792566 2.05142
0.105675 2.06854
0.132094 2.08565
0.158513 2.10275
0.184932 2.11984
0.211351 2.13693
0.23777 2.154
0.264189 2.17106
0.290607 2.18811
0.317026 2.20515
0.343445 2.22219
0.369864 2.23921
0.396283 2.25622
0.422702 2.27323
0.44912 2.29022
0.475539 2.3072
0.501958 2.32418
0.528377 2.34114
0.554796 2.35809
0.581215 2.37504
0.607634 2.39197
0.634052 2.4089
0.660471 2.42581
0.68689 2.44272
0.713309 2.45961
0.739728 2.4765
0.766147 2.49337
0.792566 2.51024
0.818984 2.5271
0.845403 2.54394
0.871822 2.56078
0.898241 2.57761
0.92466 2.59442
0.951079 2.61123
0.977497 2.62803
1.00392 2.64481
1.03034 2.66159
1.05675 2.67836
1.08317 2.69512
1.10959 2.71187
1.13601 2.72861
1.16243 2.74533
1.18885 2.76205
1.21527 2.77876
1.24169 2.79546
1.2681 2.81215
1.29452 2.82883
1.32094 2.8455
1.34736 2.86216
1.37378 2.87881
1.4002 2.89545
1.42662 2.91208
1.45304 2.9287
1.47946 2.94531
1.50587 2.96192
1.53229 2.97851
1.55871 2.99509
1.58513 3.01166
1.61155 3.02822
1.63797 3.04477
1.66439 3.06132
1.69081 3.07785
1.71723 3.09437
1.74364 3.11089
1.77006 3.12739
1.79648 3.14388
1.8229 3.16037
1.84932 3.17684
1.87574 3.1933
1.90216 3.20976
1.92858 3.2262
1.95499 3.24264
1.98141 3.25906
2.00783 3.27548
2.03425 3.29188
2.06067 3.30828
2.08709 3.32466
2.11351 3.34104
2.13993 3.35741
2.16635 3.37376
2.19276 3.39011
2.21918 3.40645
2.2456 3.42277
2.27202 3.43909
2.29844 3.4554
2.32486 3.4717
2.35128 3.48798
2.3777 3.50426
2.40412 3.52053
2.43053 3.53679
2.45695 3.55304
2.48337 3.56927
2.50979 3.5855
2.53621 3.60172
2.56263 3.61793
2.58905 3.63413
2.61547 3.65032
2.64189 3.6665
2.6683 3.68267
2.69472 3.69883
2.72114 3.71498
2.74756 3.73112
2.77398 3.74725
2.8004 3.76337
2.82682 3.77949
2.85324 3.79559
2.87965 3.81168
2.90607 3.82776
2.93249 3.84383
2.95891 3.8599
2.98533 3.87595
3.01175 3.89199
3.03817 3.90802
3.06459 3.92405
3.09101 3.94006
3.11742 3.95606
3.14384 3.97206
3.17026 3.98804
3.19668 4.00402
3.2231 4.01998
3.24952 4.03593
3.27594 4.05188
3.30236 4.06781
3.32878 4.08374
3.35519 4.09965
3.38161 4.11556
3.40803 4.13146
3.43445 4.14734
3.46087 4.16322
3.48729 4.17908
3.51371 4.19494
3.54013 4.21079
3.56654 4.22662
3.59296 4.24245
3.61938 4.25827
3.6458 4.27408
3.67222 4.28987
3.69864 4.30566
3.72506 4.32144
3.75148 4.33721
3.7779 4.35297
3.80431 4.36871
3.83073 4.38445
3.85715 4.40018
3.88357 4.4159
3.90999 4.43161
3.93641 4.44731
3.96283 4.463
3.98925 4.47868
4.01567 4.49435
4.04208 4.51001
4.0685 4.52566
4.09492 4.5413
4.12134 4.55693
4.14776 4.57256
4.17418 4.58817
4.2006 4.60377
4.22702 4.61936
4.25343 4.63494
4.27985 4.65052
4.30627 4.66608
4.33269 4.68163
4.35911 4.69717
4.38553 4.71271
4.41195 4.72823
4.43837 4.74374
4.46479 4.75925
4.4912 4.77474
4.51762 4.79023
4.54404 4.8057
4.57046 4.82116
4.59688 4.83662
4.6233 4.85206
4.64972 4.8675
4.67614 4.88292
4.70256 4.89834
4.72897 4.91375
4.75539 4.92914
4.78181 4.94453
4.80823 4.9599
4.83465 4.97527
4.86107 4.99063
4.88749 5.00597
4.91391 5.02131
4.94033 5.03664
4.96674 5.05196
4.99316 5.06726
5.01958 5.08256
5.046 5.09785
5.07242 5.11313
5.09884 5.1284
5.12526 5.14366
5.15168 5.1589
5.17809 5.17414
5.20451 5.18937
5.23093 5.20459
5.25735 5.2198
5.28377 5.235
5.31019 5.25019
5.33661 5.26537
5.36303 5.28054
5.38945 5.2957
5.41586 5.31085
5.44228 5.326
5.4687 5.34113
5.49512 5.35625
5.52154 5.37136
5.54796 5.38646
5.57438 5.40155
5.6008 5.41664
5.62722 5.43171
5.65363 5.44677
5.68005 5.46182
5.70647 5.47687
5.73289 5.4919
5.75931 5.50692
5.78573 5.52194
5.81215 5.53694
5.83857 5.55194
5.86498 5.56692
5.8914 5.58189
5.91782 5.59686
5.94424 5.61181
5.97066 5.62676
5.99708 5.64169
6.0235 5.65662
6.04992 5.67154
6.07634 5.68644
6.10275 5.70134
6.12917 5.71622
6.15559 5.7311
6.18201 5.74597
6.20843 5.76082
6.23485 5.77567
6.26127 5.79051
6.28769 5.80534
6.31411 5.82015
6.34052 5.83496
6.36694 5.84976
6.39336 5.86455
6.41978 5.87933
6.4462 5.8941
6.47262 5.90885
6.49904 5.9236
6.52546 5.93834
6.55187 5.95307
6.57829 5.96779
6.60471 5.9825
6.63113 5.9972
6.65755 6.01189
6.68397 6.02657
6.71039 6.04124
6.73681 6.0559
6.76323 6.07056
6.78964 6.0852
6.81606 6.09983
6.84248 6.11445
6.8689 6.12906
6.89532 6.14366
6.92174 6.15826
6.94816 6.17284
6.97458 6.18741
7.001 6.20197
7.02741 6.21653
7.05383 6.23107
7.08025 6.2456
7.10667 6.26013
7.13309 6.27464
7.15951 6.28915
7.18593 6.30364
7.21235 6.31813
7.23877 6.3326
7.26518 6.34706
7.2916 6.36152
7.31802 6.37597
7.34444 6.3904
7.37086 6.40483
7.39728 6.41924
7.4237 6.43365
7.45012 6.44804
7.47653 6.46243
7.50295 6.47681
7.52937 6.49118
7.55579 6.50553
7.58221 6.51988
7.60863 6.53422
7.63505 6.54854
7.66147 6.56286
7.68789 6.57717
7.7143 6.59147
7.74072 6.60576
7.76714 6.62004
7.79356 6.63431
7.81998 6.64856
7.8464 6.66281
7.87282 6.67705
7.89924 6.69128
7.92566 6.7055
7.95207 6.71971
7.97849 6.73391
8.00491 6.7481
8.03133 6.76228
8.05775 6.77646
8.08417 6.79062
8.11059 6.80477
8.13701 6.81891
8.16342 6.83304
8.18984 6.84716
8.21626 6.86127
8.24268 6.87538
8.2691 6.88947
8.29552 6.90355
8.32194 6.91763
8.34836 6.93169
8.37478 6.94574
8.40119 6.95979
8.42761 6.97382
8.45403 6.98784
8.48045 7.00186
8.50687 7.01586
8.53329 7.02986
8.55971 7.04384
8.58613 7.05782
8.61255 7.07178
8.63896 7.08574
8.66538 7.09968
8.6918 7.11362
8.71822 7.12754
8.74464 7.14146
8.77106 7.15537
8.79748 7.16926
8.8239 7.18315
8.85031 7.19703
8.87673 7.21089
8.90315 7.22475
8.92957 7.2386
8.95599 7.25244
8.98241 7.26626
9.00883 7.28008
9.03525 7.29389
9.06167 7.30769
9.08808 7.32148
9.1145 7.33526
9.14092 7.34902
9.16734 7.36278
9.19376 7.37653
9.22018 7.39027
9.2466 7.404
9.27302 7.41772
9.29944 7.43143
9.32585 7.44513
9.35227 7.45882
9.37869 7.47251
9.40511 7.48618
9.43153 7.49984
9.45795 7.51349
9.48437 7.52713
9.51079 7.54076
9.53721 7.55439
9.56362 7.568
9.59004 7.5816
9.61646 7.59519
9.64288 7.60878
9.6693 7.62235
9.69572 7.63591
9.72214 7.64947
9.74856 7.66301
9.77497 7.67654
9.80139 7.69007
9.82781 7.70358
9.85423 7.71709
9.88065 7.73058
9.90707 7.74407
9.93349 7.75754
9.95991 7.77101
9.98633 7.78446
10.0127 7.79791
10.0392 7.81134
10.0656 7.82477
10.092 7.83819
10.1184 7.85159
10.1448 7.86499
10.1713 7.87838
10.1977 7.89175
10.2241 7.90512
10.2505 7.91848
10.2769 7.93183
10.3034 7.94516
10.3298 7.95849
10.3562 7.97181
10.3826 7.98512
10.409 7.99842
10.4354 8.01171
10.4619 8.02499
10.4883 8.03825
10.5147 8.05151
10.5411 8.06476
10.5675 8.078
10.594 8.09123
10.6204 8.10445
10.6468 8.11766
10.6732 8.13087
10.6996 8.14406
10.7261 8.15724
10.7525 8.17041
10.7789 8.18357
10.8053 8.19672
10.8317 8.20986
10.8581 8.223
10.8846 8.23612
10.911 8.24923
10.9374 8.26233
10.9638 8.27543
10.9902 8.28851
11.0167 8.30158
11.0431 8.31465
11.0695 8.3277
11.0959 8.34074
11.1223 8.35378
11.1488 8.3668
11.1752 8.37982
11.2016 8.39282
11.228 8.40582
11.2544 8.4188
11.2808 8.43178
11.3073 8.44474
11.3337 8.4577
11.3601 8.47064
11.3865 8.48358
11.4129 8.49651
11.4394 8.50942
11.4658 8.52233
11.4922 8.53523
11.5186 8.54811
11.545 8.56099
11.5715 8.57386
11.5979 8.58672
11.6243 8.59956
11.6507 8.6124
11.6771 8.62523
11.7036 8.63805
11.73 8.65086
11.7564 8.66366
11.7828 8.67645
11.8092 8.68922
11.8356 8.70199
11.8621 8.71475
11.8885 8.7275
11.9149 8.74024
11.9413 8.75297
11.9677 8.76569
11.9942 8.77841
12.0206 8.79111
12.047 8.8038
12.0734 8.81648
12.0998 8.82915
12.1263 8.84181
12.1527 8.85446
12.1791 8.86711
12.2055 8.87974
12.2319 8.89236
12.2583 8.90497
12.2848 8.91758
12.3112 8.93017
12.3376 8.94275
12.364 8.95533
12.3904 8.96789
12.4169 8.98044
12.4433 8.99299
12.4697 9.00552
12.4961 9.01805
12.5225 9.03056
12.549 9.04307
12.5754 9.05556
12.6018 9.06805
12.6282 9.08052
12.6546 9.09299
12.681 9.10544
12.7075 9.11789
12.7339 9.13033
12.7603 9.14275
12.7867 9.15517
12.8131 9.16758
12.8396 9.17997
12.866 9.19236
12.8924 9.20474
12.9188 9.21711
12.9452 9.22946
12.9717 9.24181
12.9981 9.25415
13.0245 9.26648
13.0509 9.2788
13.0773 9.29111
13.1037 9.30341
13.1302 9.3157
13.1566 9.32797
13.183 9.34024
13.2094 9.3525
13.2358 9.36475
13.2623 9.37699
13.2887 9.38923
13.3151 9.40145
13.3415 9.41366
13.3679 9.42586
13.3944 9.43805
13.4208 9.45023
13.4472 9.4624
13.4736 9.47456
13.5 9.48672
13.5265 9.49886
13.5529 9.51099
13.5793 9.52311
13.6057 9.53523
13.6321 9.54733
13.6585 9.55942
13.685 9.57151
13.7114 9.58358
13.7378 9.59564
13.7642 9.6077
13.7906 9.61974
13.8171 9.63178
13.8435 9.6438
13.8699 9.65582
13.8963 9.66782
13.9227 9.67982
13.9492 9.6918
13.9756 9.70378
14.002 9.71574
14.0284 9.7277
14.0548 9.73965
14.0812 9.75158
14.1077 9.76351
14.1341 9.77543
14.1605 9.78733
14.1869 9.79923
14.2133 9.81112
14.2398 9.823
14.2662 9.83486
14.2926 9.84672
14.319 9.85857
14.3454 9.87041
14.3719 9.88224
14.3983 9.89406
14.4247 9.90587
14.4511 9.91767
14.4775 9.92946
14.5039 9.94123
14.5304 9.953
14.5568 9.96476
14.5832 9.97652
14.6096 9.98826
14.636 9.99999
14.6625 10.0117
14.6889 10.0234
14.7153 10.0351
14.7417 10.0468
14.7681 10.0585
14.7946 10.0702
14.821 10.0818
14.8474 10.0935
14.8738 10.1051
14.9002 10.1168
14.9267 10.1284
14.9531 10.14
14.9795 10.1516
15.0059 10.1632
15.0323 10.1748
15.0587 10.1863
15.0852 10.1979
15.1116 10.2095
15.138 10.221
15.1644 10.2325
15.1908 10.2441
15.2173 10.2556
15.2437 10.2671
15.2701 10.2786
15.2965 10.2901
15.3229 10.3015
15.3494 10.313
15.3758 10.3245
15.4022 10.3359
15.4286 10.3474
15.455 10.3588
15.4814 10.3702
15.5079 10.3816
15.5343 10.393
15.5607 10.4044
15.5871 10.4158
15.6135 10.4271
15.64 10.4385
15.6664 10.4498
15.6928 10.4612
15.7192 10.4725
15.7456 10.4838
15.7721 10.4951
15.7985 10.5064
15.8249 10.5177
15.8513 10.529
15.8777 10.5403
15.9041 10.5515
15.9306 10.5628
15.957 10.574
15.9834 10.5853
16.0098 10.5965
16.0362 10.6077
16.0627 10.6189
16.0891 10.6301
16.1155 10.6413
16.1419 10.6524
16.1683 10.6636
16.1948 10.6748
16.2212 10.6859
16.2476 10.697
16.274 10.7082
16.3004 10.7193
16.3268 10.7304
16.3533 10.7415
16.3797 10.7525
16.4061 10.7636
16.4325 10.7747
16.4589 10.7857
16.4854 10.7968
16.5118 10.8078
16.5382 10.8188
16.5646 10.8299
16.591 10.8409
16.6175 10.8519
16.6439 10.8628
16.6703 10.8738
16.6967 10.8848
16.7231 10.8957
16.7496 10.9067
16.776 10.9176
16.8024 10.9286
16.8288 10.9395
16.8552 10.9504
16.8816 10.9613
16.9081 10.9722
16.9345 10.983
16.9609 10.9939
16.9873 11.0048
17.0137 11.0156
17.0402 11.0265
17.0666 11.0373
17.093 11.0481
17.1194 11.0589
17.1458 11.0697
17.1723 11.0805
17.1987 11.0913
17.2251 11.1021
17.2515 11.1128
17.2779 11.1236
17.3043 11.1343
17.3308 11.145
17.3572 11.1558
17.3836 11.1665
17.41 11.1772
17.4364 11.1879
17.4629 11.1985
17.4893 11.2092
17.5157 11.2199
17.5421 11.2305
17.5685 11.2412
17.595 11.2518
17.6214 11.2624
17.6478 11.273
17.6742 11.2837
17.7006 11.2942
17.727 11.3048
17.7535 11.3154
17.7799 11.326
17.8063 11.3365
17.8327 11.3471
17.8591 11.3576
17.8856 11.3681
17.912 11.3786
17.9384 11.3892
17.9648 11.3996
17.9912 11.4101
18.0177 11.4206
18.0441 11.4311
18.0705 11.4415
18.0969 11.452
18.1233 11.4624
18.1498 11.4728
18.1762 11.4833
18.2026 11.4937
18.229 11.5041
18.2554 11.5145
18.2818 11.5248
18.3083 11.5352
18.3347 11.5456
18.3611 11.5559
18.3875 11.5662
18.4139 11.5766
18.4404 11.5869
18.4668 11.5972
18.4932 11.6075
18.5196 11.6178
18.546 11.6281
18.5725 11.6383
18.5989 11.6486
18.6253 11.6589
18.6517 11.6691
18.6781 11.6793
18.7045 11.6896
18.731 11.6998
18.7574 11.71
18.7838 11.7202
18.8102 11.7303
18.8366 11.7405
18.8631 11.7507
18.8895 11.7608
18.9159 11.771
18.9423 11.7811
18.9687 11.7912
18.9952 11.8013
19.0216 11.8114
19.048 11.8215
19.0744 11.8316
19.1008 11.8417
19.1272 11.8518
19.1537 11.8618
19.1801 11.8719
19.2065 11.8819
19.2329 11.8919
19.2593 11.9019
19.2858 11.9119
19.3122 11.9219
19.3386 11.9319
19.365 11.9419
19.3914 11.9519
19.4179 11.9618
19.4443 11.9718
19.4707 11.9817
19.4971 11.9916
19.5235 12.0016
19.5499 12.0115
19.5764 12.0214
19.6028 12.0313
19.6292 12.0411
19.6556 12.051
19.682 12.0609
19.7085 12.0707
19.7349 12.0805
19.7613 12.0904
19.7877 12.1002
19.8141 12.11
19.8406 12.1198
19.867 12.1296
19.8934 12.1394
19.9198 12.1491
19.9462 12.1589
19.9727 12.1687
19.9991 12.1784
20.0255 12.1881
20.0519 12.1979
20.0783 12.2076
20.1047 12.2173
20.1312 12.227
20.1576 12.2366
20.184 12.2463
20.2104 12.256
20.2368 12.2656
20.2633 12.2753
20.2897 12.2849
20.3161 12.2945
20.3425 12.3041
20.3689 12.3138
20.3954 12.3233
20.4218 12.3329
20.4482 12.3425
20.4746 12.3521
20.501 12.3616
20.5274 12.3712
20.5539 12.3807
20.5803 12.3902
20.6067 12.3997
20.6331 12.4093
20.6595 12.4187
20.686 12.4282
20.7124 12.4377
20.7388 12.4472
20.7652 12.4566
20.7916 12.4661
20.8181 12.4755
20.8445 12.4849
20.8709 12.4944
20.8973 12.5038
20.9237 12.5132
20.9501 12.5226
20.9766 12.5319
21.003 12.5413
21.0294 12.5507
21.0558 12.56
21.0822 12.5694
21.1087 12.5787
21.1351 12.588
21.1615 12.5973
21.1879 12.6066
21.2143 12.6159
21.2408 12.6252
21.2672 12.6345
21.2936 12.6437
21.32 12.653
21.3464 12.6622
21.3729 12.6714
21.3993 12.6807
21.4257 12.6899
21.4521 12.6991
21.4785 12.7083
21.5049 12.7175
21.5314 12.7266
21.5578 12.7358
21.5842 12.7449
21.6106 12.7541
21.637 12.7632
21.6635 12.7723
21.6899 12.7815
21.7163 12.7906
21.7427 12.7997
21.7691 12.8087
21.7956 12.8178
21.822 12.8269
21.8484 12.8359
21.8748 12.845
21.9012 12.854
21.9276 12.863
21.9541 12.8721
21.9805 12.8811
22.0069 12.8901
22.0333 12.8991
22.0597 12.908
22.0862 12.917
22.1126 12.926
22.139 12.9349
22.1654 12.9438
22.1918 12.9528
22.2183 12.9617
22.2447 12.9706
22.2711 12.9795
22.2975 12.9884
22.3239 12.9973
22.3503 13.0061
22.3768 13.015
22.4032 13.0238
22.4296 13.0327
22.456 13.0415
22.4824 13.0503
22.5089 13.0591
22.5353 13.0679
22.5617 13.0767
22.5881 13.0855
22.6145 13.0943
22.641 13.103
22.6674 13.1118
22.6938 13.1205
22.7202 13.1293
22.7466 13.138
22.773 13.1467
22.7995 13.1554
22.8259 13.1641
22.8523 13.1728
22.8787 13.1815
22.9051 13.1901
22.9316 13.1988
22.958 13.2074
22.9844 13.216
23.0108 13.2247
23.0372 13.2333
23.0637 13.2419
23.0901 13.2505
23.1165 13.2591
23.1429 13.2676
23.1693 13.2762
23.1958 13.2848
23.2222 13.2933
23.2486 13.3018
23.275 13.3104
23.3014 13.3189
23.3278 13.3274
23.3543 13.3359
23.3807 13.3444
23.4071 13.3529
23.4335 13.3613
23.4599 13.3698
23.4864 13.3782
23.5128 13.3867
23.5392 13.3951
23.5656 13.4035
23.592 13.4119
23.6185 13.4203
23.6449 13.4287
23.6713 13.4371
23.6977 13.4455
23.7241 13.4538
23.7505 13.4622
23.777 13.4705
23.8034 13.4788
23.8298 13.4872
23.8562 13.4955
23.8826 13.5038
23.9091 13.5121
23.9355 13.5203
23.9619 13.5286
23.9883 13.5369
24.0147 13.5451
24.0412 13.5534
24.0676 13.5616
24.094 13.5698
24.1204 13.578
24.1468 13.5862
24.1732 13.5944
24.1997 13.6026
24.2261 13.6108
24.2525 13.619
24.2789 13.6271
24.3053 13.6352
24.3318 13.6434
24.3582 13.6515
24.3846 13.6596
24.411 13.6677
24.4374 13.6758
24.4639 13.6839
24.4903 13.692
24.5167 13.7
24.5431 13.7081
24.5695 13.7161
24.5959 13.7242
24.6224 13.7322
24.6488 13.7402
24.6752 13.7482
24.7016 13.7562
24.728 13.7642
24.7545 13.7722
24.7809 13.7802
24.8073 13.7881
24.8337 13.7961
24.8601 13.804
24.8866 13.8119
24.913 13.8199
24.9394 13.8278
24.9658 13.8357
24.9922 13.8435
25.0187 13.8514
25.0451 13.8593
25.0715 13.8672
25.0979 13.875
25.1243 13.8828
25.1507 13.8907
25.1772 13.8985
25.2036 13.9063
25.23 13.9141
25.2564 13.9219
25.2828 13.9297
25.3093 13.9375
25.3357 13.9452
25.3621 13.953
25.3885 13.9607
25.4149 13.9684
25.4414 13.9762
25.4678 13.9839
25.4942 13.9916
25.5206 13.9993
25.547 14.007
25.5734 14.0146
25.5999 14.0223
25.6263 14.0299
25.6527 14.0376
25.6791 14.0452
25.7055 14.0529
25.732 14.0605
25.7584 14.0681
25.7848 14.0757
25.8112 14.0833
25.8376 14.0908
25.8641 14.0984
25.8905 14.1059
25.9169 14.1135
25.9433 14.121
25.9697 14.1286
25.9961 14.1361
26.0226 14.1436
26.049 14.1511
26.0754 14.1586
26.1018 14.166
26.1282 14.1735
26.1547 14.181
26.1811 14.1884
26.2075 14.1959
26.2339 14.2033
26.2603 14.2107
26.2868 14.2181
26.3132 14.2255
26.3396 14.2329
26.366 14.2403
26.3924 14.2476
26.4189 14.255
26.4453 14.2624
26.4717 14.2697
26.4981 14.277
26.5245 14.2844
26.5509 14.2917
26.5774 14.299
26.6038 14.3063
26.6302 14.3135
26.6566 14.3208
26.683 14.3281
26.7095 14.3353
26.7359 14.3426
26.7623 14.3498
26.7887 14.357
26.8151 14.3642
26.8416 14.3714
26.868 14.3786
26.8944 14.3858
26.9208 14.393
26.9472 14.4001
26.9736 14.4073
27.0001 14.4144
27.0265 14.4216
27.0529 14.4287
27.0793 14.4358
27.1057 14.4429
27.1322 14.45
27.1586 14.4571
27.185 14.4642
27.2114 14.4712
27.2378 14.4783
27.2643 14.4854
27.2907 14.4924
27.3171 14.4994
27.3435 14.5064
27.3699 14.5134
27.3963 14.5204
27.4228 14.5274
27.4492 14.5344
27.4756 14.5414
27.502 14.5483
27.5284 14.5553
27.5549 14.5622
27.5813 14.5691
27.6077 14.5761
27.6341 14.583
27.6605 14.5899
27.687 14.5968
27.7134 14.6036
27.7398 14.6105
27.7662 14.6174
27.7926 14.6242
27.819 14.6311
27.8455 14.6379
27.8719 14.6447
27.8983 14.6515
27.9247 14.6583
27.9511 14.6651
27.9776 14.6719
28.004 14.6787
28.0304 14.6854
28.0568 14.6922
28.0832 14.6989
28.1097 14.7057
28.1361 14.7124
28.1625 14.7191
28.1889 14.7258
28.2153 14.7325
28.2418 14.7392
28.2682 14.7458
28.2946 14.7525
28.321 14.7592
28.3474 14.7658
28.3738 14.7724
28.4003 14.7791
28.4267 14.7857
28.4531 14.7923
28.4795 14.7989
28.5059 14.8055
28.5324 14.812
28.5588 14.8186
28.5852 14.8252
28.6116 14.8317
28.638 14.8383
28.6645 14.8448
28.6909 14.8513
28.7173 14.8578
28.7437 14.8643
28.7701 14.8708
28.7965 14.8773
28.823 14.8837
28.8494 14.8902
28.8758 14.8966
28.9022 14.9031
28.9286 14.9095
28.9551 14.9159
28.9815 14.9223
29.0079 14.9287
29.0343 14.9351
29.0607 14.9415
29.0872 14.9479
29.1136 14.9542
29.14 14.9606
29.1664 14.9669
29.1928 14.9733
29.2192 14.9796
29.2457 14.9859
29.2721 14.9922
29.2985 14.9985
29.3249 15.0048
29.3513 15.011
29.3778 15.0173
29.4042 15.0236
29.4306 15.0298
29.457 15.036
29.4834 15.0423
29.5099 15.0485
29.5363 15.0547
29.5627 15.0609
29.5891 15.067
29.6155 15.0732
29.642 15.0794
29.6684 15.0855
29.6948 15.0917
29.7212 15.0978
29.7476 15.1039
29.774 15.1101
29.8005 15.1162
29.8269 15.1223
29.8533 15.1284
29.8797 15.1344
29.9061 15.1405
29.9326 15.1465
29.959 15.1526
29.9854 15.1586
30.0118 15.1647
30.0382 15.1707
30.0647 15.1767
30.0911 15.1827
30.1175 15.1887
30.1439 15.1946
30.1703 15.2006
30.1967 15.2066
30.2232 15.2125
30.2496 15.2185
30.276 15.2244
30.3024 15.2303
30.3288 15.2362
30.3553 15.2421
30.3817 15.248
30.4081 15.2539
30.4345 15.2598
30.4609 15.2656
30.4874 15.2715
30.5138 15.2773
30.5402 15.2831
30.5666 15.289
30.593 15.2948
30.6194 15.3006
30.6459 15.3064
30.6723 15.3122
30.6987 15.3179
30.7251 15.3237
30.7515 15.3294
30.778 15.3352
30.8044 15.3409
30.8308 15.3466
30.8572 15.3524
30.8836 15.3581
30.9101 15.3638
30.9365 15.3694
30.9629 15.3751
30.9893 15.3808
31.0157 15.3864
31.0421 15.3921
31.0686 15.3977
31.095 15.4033
31.1214 15.4089
31.1478 15.4146
31.1742 15.4202
31.2007 15.4257
31.2271 15.4313
31.2535 15.4369
31.2799 15.4424
31.3063 15.448
31.3328 15.4535
31.3592 15.459
31.3856 15.4646
31.412 15.4701
31.4384 15.4756
31.4649 15.4811
31.4913 15.4865
31.5177 15.492
31.5441 15.4975
31.5705 15.5029
31.5969 15.5084
31.6234 15.5138
31.6498 15.5192
31.6762 15.5246
31.7026 15.53
31.729 15.5354
31.7555 15.5408
31.7819 15.5462
31.8083 15.5515
31.8347 15.5569
31.8611 15.5622
31.8876 15.5675
31.914 15.5729
31.9404 15.5782
31.9668 15.5835
31.9932 15.5888
32.0196 15.594
32.0461 15.5993
32.0725 15.6046
32.0989 15.6098
32.1253 15.6151
32.1517 15.6203
32.1782 15.6255
32.2046 15.6307
32.231 15.636
32.2574 15.6411
32.2838 15.6463
32.3103 15.6515
32.3367 15.6567
32.3631 15.6618
32.3895 15.667
32.4159 15.6721
32.4423 15.6772
32.4688 15.6823
32.4952 15.6875
32.5216 15.6925
32.548 15.6976
32.5744 15.7027
32.6009 15.7078
32.6273 15.7128
32.6537 15.7179
32.6801 15.7229
32.7065 15.7279
32.733 15.733
32.7594 15.738
32.7858 15.743
32.8122 15.748
32.8386 15.7529
32.8651 15.7579
32.8915 15.7629
32.9179 15.7678
32.9443 15.7728
32.9707 15.7777
32.9971 15.7826
33.0236 15.7875
33.05 15.7924
33.0764 15.7973
33.1028 15.8022
33.1292 15.8071
33.1557 15.8119
33.1821 15.8168
33.2085 15.8216
33.2349 15.8264
33.2613 15.8313
33.2878 15.8361
33.3142 15.8409
33.3406 15.8457
33.367 15.8504
33.3934 15.8552
33.4198 15.86
33.4463 15.8647
33.4727 15.8695
33.4991 15.8742
33.5255 15.8789
33.5519 15.8837
33.5784 15.8884
33.6048 15.893
33.6312 15.8977
33.6576 15.9024
33.684 15.9071
33.7105 15.9117
33.7369 15.9164
33.7633 15.921
33.7897 15.9256
33.8161 15.9303
33.8425 15.9349
33.869 15.9395
33.8954 15.944
33.9218 15.9486
33.9482 15.9532
33.9746 15.9577
34.0011 15.9623
34.0275 15.9668
34.0539 15.9714
34.0803 15.9759
34.1067 15.9804
34.1332 15.9849
34.1596 15.9894
34.186 15.9938
34.2124 15.9983
34.2388 16.0028
34.2652 16.0072
34.2917 16.0117
34.3181 16.0161
34.3445 16.0205
34.3709 16.0249
34.3973 16.0293
34.4238 16.0337
34.4502 16.0381
34.4766 16.0425
34.503 16.0468
34.5294 16.0512
34.5559 16.0555
34.5823 16.0598
34.6087 16.0642
34.6351 16.0685
34.6615 16.0728
34.688 16.0771
34.7144 16.0814
34.7408 16.0856
34.7672 16.0899
34.7936 16.0942
34.82 16.0984
34.8465 16.1026
34.8729 16.1069
34.8993 16.1111
34.9257 16.1153
34.9521 16.1195
34.9786 16.1236
35.005 16.1278
35.0314 16.132
35.0578 16.1361
35.0842 16.1403
35.1107 16.1444
35.1371 16.1486
35.1635 16.1527
35.1899 16.1568
35.2163 16.1609
35.2427 16.165
35.2692 16.169
35.2956 16.1731
35.322 16.1772
35.3484 16.1812
35.3748 16.1852
35.4013 16.1893
35.4277 16.1933
35.4541 16.1973
35.4805 16.2013
35.5069 16.2053
35.5334 16.2093
35.5598 16.2132
35.5862 16.2172
35.6126 16.2211
35.639 16.2251
35.6654 16.229
35.6919 16.2329
35.7183 16.2368
35.7447 16.2407
35.7711 16.2446
35.7975 16.2485
35.824 16.2524
35.8504 16.2562
35.8768 16.2601
35.9032 16.2639
35.9296 16.2678
35.9561 16.2716
35.9825 16.2754
36.0089 16.2792
36.0353 16.283
36.0617 16.2868
36.0882 16.2906
36.1146 16.2943
36.141 16.2981
36.1674 16.3018
36.1938 16.3056
36.2202 16.3093
36.2467 16.313
36.2731 16.3167
36.2995 16.3204
36.3259 16.3241
36.3523 16.3277
36.3788 16.3314
36.4052 16.3351
36.4316 16.3387
36.458 16.3424
36.4844 16.346
36.5109 16.3496
36.5373 16.3532
36.5637 16.3568
36.5901 16.3604
36.6165 16.364
36.6429 16.3675
36.6694 16.3711
36.6958 16.3746
36.7222 16.3782
36.7486 16.3817
36.775 16.3852
36.8015 16.3887
36.8279 16.3922
36.8543 16.3957
36.8807 16.3992
36.9071 16.4027
36.9336 16.4061
36.96 16.4096
36.9864 16.413
37.0128 16.4164
37.0392 16.4199
37.0656 16.4233
37.0921 16.4267
37.1185 16.4301
37.1449 16.4334
37.1713 16.4368
37.1977 16.4402
37.2242 16.4435
37.2506 16.4469
37.277 16.4502
37.3034 16.4535
37.3298 16.4568
37.3563 16.4601
37.3827 16.4634
37.4091 16.4667
37.4355 16.47
37.4619 16.4733
37.4883 16.4765
37.5148 16.4798
37.5412 16.483
37.5676 16.4862
37.594 16.4894
37.6204 16.4926
37.6469 16.4958
37.6733 16.499
37.6997 16.5022
37.7261 16.5054
37.7525 16.5085
37.779 16.5117
37.8054 16.5148
37.8318 16.5179
37.8582 16.521
37.8846 16.5241
37.9111 16.5272
37.9375 16.5303
37.9639 16.5334
37.9903 16.5365
38.0167 16.5395
38.0431 16.5426
38.0696 16.5456
38.096 16.5486
38.1224 16.5517
38.1488 16.5547
38.1752 16.5577
38.2017 16.5607
38.2281 16.5636
38.2545 16.5666
38.2809 16.5696
38.3073 16.5725
38.3338 16.5755
38.3602 16.5784
38.3866 16.5813
38.413 16.5842
38.4394 16.5871
38.4658 16.59
38.4923 16.5929
38.5187 16.5958
38.5451 16.5986
38.5715 16.6015
38.5979 16.6043
38.6244 16.6071
38.6508 16.61
38.6772 16.6128
38.7036 16.6156
38.73 16.6184
38.7565 16.6212
38.7829 16.6239
38.8093 16.6267
38.8357 16.6295
38.8621 16.6322
38.8885 16.6349
38.915 16.6377
38.9414 16.6404
38.9678 16.6431
38.9942 16.6458
39.0206 16.6485
39.0471 16.6511
39.0735 16.6538
39.0999 16.6565
39.1263 16.6591
39.1527 16.6617
39.1792 16.6644
39.2056 16.667
39.232 16.6696
39.2584 16.6722
39.2848 16.6748
39.3112 16.6773
39.3377 16.6799
39.3641 16.6825
39.3905 16.685
39.4169 16.6876
39.4433 16.6901
39.4698 16.6926
39.4962 16.6951
39.5226 16.6976
39.549 16.7001
39.5754 16.7026
39.6019 16.7051
39.6283 16.7075
39.6547 16.71
39.6811 16.7124
39.7075 16.7148
39.734 16.7173
39.7604 16.7197
39.7868 16.7221
39.8132 16.7245
39.8396 16.7268
39.866 16.7292
39.8925 16.7316
39.9189 16.7339
39.9453 16.7363
39.9717 16.7386
39.9981 16.7409
40.0246 16.7432
40.051 16.7455
40.0774 16.7478
40.1038 16.7501
40.1302 16.7524
40.1567 16.7547
40.1831 16.7569
40.2095 16.7592
40.2359 16.7614
40.2623 16.7636
40.2887 16.7658
40.3152 16.768
40.3416 16.7702
40.368 16.7724
40.3944 16.7746
40.4208 16.7768
40.4473 16.7789
40.4737 16.7811
40.5001 16.7832
40.5265 16.7853
40.5529 16.7874
40.5794 16.7895
40.6058 16.7916
40.6322 16.7937
40.6586 16.7958
40.685 16.7979
40.7114 16.7999
40.7379 16.802
40.7643 16.804
40.7907 16.806
40.8171 16.8081
40.8435 16.8101
40.87 16.8121
40.8964 16.8141
40.9228 16.816
40.9492 16.818
40.9756 16.82
41.0021 16.8219
41.0285 16.8239
41.0549 16.8258
41.0813 16.8277
41.1077 16.8296
41.1342 16.8315
41.1606 16.8334
41.187 16.8353
41.2134 16.8372
41.2398 16.839
41.2662 16.8409
41.2927 16.8427
41.3191 16.8446
41.3455 16.8464
41.3719 16.8482
41.3983 16.85
41.4248 16.8518
41.4512 16.8536
41.4776 16.8554
41.504 16.8571
41.5304 16.8589
41.5569 16.8606
41.5833 16.8624
41.6097 16.8641
41.6361 16.8658
41.6625 16.8675
41.6889 16.8692
41.7154 16.8709
41.7418 16.8726
41.7682 16.8742
41.7946 16.8759
41.821 16.8775
41.8475 16.8792
41.8739 16.8808
41.9003 16.8824
41.9267 16.884
41.9531 16.8856
41.9796 16.8872
42.006 16.8888
42.0324 16.8903
42.0588 16.8919
42.0852 16.8934
42.1116 16.895
42.1381 16.8965
42.1645 16.898
42.1909 16.8995
42.2173 16.901
42.2437 16.9025
42.2702 16.904
42.2966 16.9055
42.323 16.9069
42.3494 16.9084
42.3758 16.9098
42.4023 16.9113
42.4287 16.9127
42.4551 16.9141
42.4815 16.9155
42.5079 16.9169
42.5343 16.9183
42.5608 16.9196
42.5872 16.921
42.6136 16.9224
42.64 16.9237
42.6664 16.925
42.6929 16.9264
42.7193 16.9277
42.7457 16.929
42.7721 16.9303
42.7985 16.9316
42.825 16.9328
42.8514 16.9341
42.8778 16.9353
42.9042 16.9366
42.9306 16.9378
42.9571 16.9391
42.9835 16.9403
43.0099 16.9415
43.0363 16.9427
43.0627 16.9439
43.0891 16.945
43.1156 16.9462
43.142 16.9474
43.1684 16.9485
43.1948 16.9496
43.2212 16.9508
43.2477 16.9519
43.2741 16.953
43.3005 16.9541
43.3269 16.9552
43.3533 16.9563
43.3798 16.9573
43.4062 16.9584
43.4326 16.9594
43.459 16.9605
43.4854 16.9615
43.5118 16.9625
43.5383 16.9635
43.5647 16.9645
43.5911 16.9655
43.6175 16.9665
43.6439 16.9675
43.6704 16.9684
43.6968 16.9694
43.7232 16.9703
43.7496 16.9712
43.776 16.9722
43.8025 16.9731
43.8289 16.974
43.8553 16.9749
43.8817 16.9758
43.9081 16.9766
43.9345 16.9775
43.961 16.9783
43.9874 16.9792
44.0138 16.98
44.0402 16.9808
44.0666 16.9817
44.0931 16.9825
44.1195 16.9833
44.1459 16.984
44.1723 16.9848
44.1987 16.9856
44.2252 16.9863
44.2516 16.9871
44.278 16.9878
44.3044 16.9885
44.3308 16.9893
44.3573 16.99
44.3837 16.9907
44.4101 16.9913
44.4365 16.992
44.4629 16.9927
44.4893 16.9933
44.5158 16.994
44.5422 16.9946
44.5686 16.9953
44.595 16.9959
44.6214 16.9965
44.6479 16.9971
44.6743 16.9977
44.7007 16.9982
44.7271 16.9988
44.7535 16.9994
44.78 16.9999
44.8064 17.0005
44.8328 17.001
44.8592 17.0015
44.8856 17.002
44.912 17.0025
44.9385 17.003
44.9649 17.0035
44.9913 17.004
45.0177 17.0044
45.0441 17.0049
45.0706 17.0053
45.097 17.0057
45.1234 17.0062
45.1498 17.0066
45.1762 17.007
45.2027 17.0074
45.2291 17.0077
45.2555 17.0081
45.2819 17.0085
45.3083 17.0088
45.3347 17.0092
45.3612 17.0095
45.3876 17.0098
45.414 17.0102
45.4404 17.0105
45.4668 17.0107
45.4933 17.011
45.5197 17.0113
45.5461 17.0116
45.5725 17.0118
45.5989 17.0121
45.6254 17.0123
45.6518 17.0125
45.6782 17.0127
45.7046 17.013
45.731 17.0132
45.7574 17.0133
45.7839 17.0135
45.8103 17.0137
45.8367 17.0138
45.8631 17.014
45.8895 17.0141
45.916 17.0142
45.9424 17.0144
45.9688 17.0145
45.9952 17.0146
46.0216 17.0147
46.0481 17.0147
46.0745 17.0148
46.1009 17.0149
46.1273 17.0149
46.1537 17.015
46.1802 17.015
46.2066 17.015
46.233 17.015
46.2594 17.015
46.2858 17.015
46.3122 17.015
46.3387 17.015
46.3651 17.0149
46.3915 17.0149
46.4179 17.0148
46.4443 17.0147
46.4708 17.0147
46.4972 17.0146
46.5236 17.0145
46.55 17.0144
46.5764 17.0143
46.6029 17.0141
46.6293 17.014
46.6557 17.0138
46.6821 17.0137
46.7085 17.0135
46.7349 17.0133
46.7614 17.0132
46.7878 17.013
46.8142 17.0128
46.8406 17.0125
46.867 17.0123
46.8935 17.0121
46.9199 17.0118
46.9463 17.0116
46.9727 17.0113
46.9991 17.011
47.0256 17.0108
47.052 17.0105
47.0784 17.0102
47.1048 17.0098
47.1312 17.0095
47.1576 17.0092
47.1841 17.0088
47.2105 17.0085
47.2369 17.0081
47.2633 17.0078
47.2897 17.0074
47.3162 17.007
47.3426 17.0066
47.369 17.0062
47.3954 17.0057
47.4218 17.0053
47.4483 17.0049
47.4747 17.0044
47.5011 17.004
47.5275 17.0035
47.5539 17.003
47.5804 17.0025
47.6068 17.002
47.6332 17.0015
47.6596 17.001
47.686 17.0005
47.7124 16.9999
47.7389 16.9994
47.7653 16.9988
47.7917 16.9983
47.8181 16.9977
47.8445 16.9971
47.871 16.9965
47.8974 16.9959
47.9238 16.9953
47.9502 16.9946
47.9766 16.994
48.0031 16.9934
48.0295 16.9927
48.0559 16.992
48.0823 16.9914
48.1087 16.9907
48.1351 16.99
48.1616 16.9893
48.188 16.9886
48.2144 16.9878
48.2408 16.9871
48.2672 16.9863
48.2937 16.9856
48.3201 16.9848
48.3465 16.9841
48.3729 16.9833
48.3993 16.9825
48.4258 16.9817
48.4522 16.9809
48.4786 16.98
48.505 16.9792
48.5314 16.9784
48.5578 16.9775
48.5843 16.9766
48.6107 16.9758
48.6371 16.9749
48.6635 16.974
48.6899 16.9731
48.7164 16.9722
48.7428 16.9713
48.7692 16.9703
48.7956 16.9694
48.822 16.9684
48.8485 16.9675
48.8749 16.9665
48.9013 16.9655
48.9277 16.9645
48.9541 16.9635
48.9805 16.9625
49.007 16.9615
49.0334 16.9605
49.0598 16.9595
49.0862 16.9584
49.1126 16.9573
49.1391 16.9563
49.1655 16.9552
49.1919 16.9541
49.2183 16.953
49.2447 16.9519
49.2712 16.9508
49.2976 16.9497
49.324 16.9485
49.3504 16.9474
49.3768 16.9462
49.4033 16.9451
49.4297 16.9439
49.4561 16.9427
49.4825 16.9415
49.5089 16.9403
49.5353 16.9391
49.5618 16.9379
49.5882 16.9366
49.6146 16.9354
49.641 16.9341
49.6674 16.9329
49.6939 16.9316
49.7203 16.9303
49.7467 16.929
49.7731 16.9277
49.7995 16.9264
49.826 16.9251
49.8524 16.9237
49.8788 16.9224
49.9052 16.921
49.9316 16.9197
49.958 16.9183
49.9845 16.9169
50.0109 16.9155
50.0373 16.9141
50.0637 16.9127
50.0901 16.9113
50.1166 16.9099
50.143 16.9084
50.1694 16.907
50.1958 16.9055
50.2222 16.904
50.2487 16.9026
50.2751 16.9011
50.3015 16.8996
50.3279 16.8981
50.3543 16.8966
50.3807 16.895
50.4072 16.8935
50.4336 16.8919
50.46 16.8904
50.4864 16.8888
50.5128 16.8872
50.5393 16.8856
50.5657 16.884
50.5921 16.8824
50.6185 16.8808
50.6449 16.8792
50.6714 16.8776
50.6978 16.8759
50.7242 16.8743
50.7506 16.8726
50.777 16.8709
50.8034 16.8692
50.8299 16.8675
50.8563 16.8658
50.8827 16.8641
50.9091 16.8624
50.9355 16.8607
50.962 16.8589
50.9884 16.8572
51.0148 16.8554
51.0412 16.8536
51.0676 16.8518
51.0941 16.85
51.1205 16.8482
51.1469 16.8464
51.1733 16.8446
51.1997 16.8428
51.2262 16.8409
51.2526 16.8391
51.279 16.8372
51.3054 16.8353
51.3318 16.8335
51.3582 16.8316
51.3847 16.8297
51.4111 16.8278
51.4375 16.8258
51.4639 16.8239
51.4903 16.822
51.5168 16.82
51.5432 16.8181
51.5696 16.8161
51.596 16.8141
51.6224 16.8121
51.6489 16.8101
51.6753 16.8081
51.7017 16.8061
51.7281 16.8041
51.7545 16.802
51.7809 16.8
51.8074 16.7979
51.8338 16.7959
51.8602 16.7938
51.8866 16.7917
51.913 16.7896
51.9395 16.7875
51.9659 16.7854
51.9923 16.7832
52.0187 16.7811
52.0451 16.779
52.0716 16.7768
52.098 16.7746
52.1244 16.7725
52.1508 16.7703
52.1772 16.7681
52.2036 16.7659
52.2301 16.7637
52.2565 16.7614
52.2829 16.7592
52.3093 16.757
52.3357 16.7547
52.3622 16.7524
52.3886 16.7502
52.415 16.7479
52.4414 16.7456
52.4678 16.7433
52.4943 16.741
52.5207 16.7387
52.5471 16.7363
52.5735 16.734
52.5999 16.7316
52.6264 16.7293
52.6528 16.7269
52.6792 16.7245
52.7056 16.7221
52.732 16.7197
52.7584 16.7173
52.7849 16.7149
52.8113 16.7125
52.8377 16.71
52.8641 16.7076
52.8905 16.7051
52.917 16.7026
52.9434 16.7002
52.9698 16.6977
52.9962 16.6952
53.0226 16.6927
53.0491 16.6901
53.0755 16.6876
53.1019 16.6851
53.1283 16.6825
53.1547 16.68
53.1811 16.6774
53.2076 16.6748
53.234 16.6722
53.2604 16.6696
53.2868 16.667
53.3132 16.6644
53.3397 16.6618
53.3661 16.6592
53.3925 16.6565
53.4189 16.6539
53.4453 16.6512
53.4718 16.6485
53.4982 16.6458
53.5246 16.6431
53.551 16.6404
53.5774 16.6377
53.6038 16.635
53.6303 16.6323
53.6567 16.6295
53.6831 16.6268
53.7095 16.624
53.7359 16.6212
53.7624 16.6184
53.7888 16.6156
53.8152 16.6128
53.8416 16.61
53.868 16.6072
53.8945 16.6044
53.9209 16.6015
53.9473 16.5987
53.9737 16.5958
54.0001 16.593
54.0265 16.5901
54.053 16.5872
54.0794 16.5843
54.1058 16.5814
54.1322 16.5784
54.1586 16.5755
54.1851 16.5726
54.2115 16.5696
54.2379 16.5667
54.2643 16.5637
54.2907 16.5607
54.3172 16.5577
54.3436 16.5547
54.37 16.5517
54.3964 16.5487
54.4228 16.5457
54.4493 16.5426
54.4757 16.5396
54.5021 16.5365
54.5285 16.5335
54.5549 16.5304
54.5813 16.5273
54.6078 16.5242
54.6342 16.5211
54.6606 16.518
54.687 16.5149
54.7134 16.5117
54.7399 16.5086
54.7663 16.5054
54.7927 16.5023
54.8191 16.4991
54.8455 16.4959
54.872 16.4927
54.8984 16.4895
54.9248 16.4863
54.9512 16.4831
54.9776 16.4798
55.004 16.4766
55.0305 16.4733
55.0569 16.4701
55.0833 16.4668
55.1097 16.4635
55.1361 16.4602
55.1626 16.4569
55.189 16.4536
55.2154 16.4503
55.2418 16.4469
55.2682 16.4436
55.2947 16.4403
55.3211 16.4369
55.3475 16.4335
55.3739 16.4301
55.4003 16.4267
55.4267 16.4233
55.4532 16.4199
55.4796 16.4165
55.506 16.4131
55.5324 16.4096
55.5588 16.4062
55.5853 16.4027
55.6117 16.3993
55.6381 16.3958
55.6645 16.3923
55.6909 16.3888
55.7174 16.3853
55.7438 16.3818
55.7702 16.3783
55.7966 16.3747
55.823 16.3712
55.8495 16.3676
55.8759 16.364
55.9023 16.3605
55.9287 16.3569
55.9551 16.3533
55.9815 16.3497
56.008 16.3461
56.0344 16.3424
56.0608 16.3388
56.0872 16.3352
56.1136 16.3315
56.1401 16.3278
56.1665 16.3242
56.1929 16.3205
56.2193 16.3168
56.2457 16.3131
56.2722 16.3094
56.2986 16.3056
56.325 16.3019
56.3514 16.2982
56.3778 16.2944
56.4042 16.2906
56.4307 16.2869
56.4571 16.2831
56.4835 16.2793
56.5099 16.2755
56.5363 16.2717
56.5628 16.2679
56.5892 16.264
56.6156 16.2602
56.642 16.2563
56.6684 16.2525
56.6949 16.2486
56.7213 16.2447
56.7477 16.2408
56.7741 16.2369
56.8005 16.233
56.8269 16.2291
56.8534 16.2252
56.8798 16.2212
56.9062 16.2173
56.9326 16.2133
56.959 16.2094
56.9855 16.2054
57.0119 16.2014
57.0383 16.1974
57.0647 16.1934
57.0911 16.1894
57.1176 16.1853
57.144 16.1813
57.1704 16.1772
57.1968 16.1732
57.2232 16.1691
57.2496 16.165
57.2761 16.161
57.3025 16.1569
57.3289 16.1528
57.3553 16.1486
57.3817 16.1445
57.4082 16.1404
57.4346 16.1362
57.461 16.1321
57.4874 16.1279
57.5138 16.1237
57.5403 16.1196
57.5667 16.1154
57.5931 16.1112
57.6195 16.1069
57.6459 16.1027
57.6724 16.0985
57.6988 16.0942
57.7252 16.09
57.7516 16.0857
57.778 16.0815
57.8044 16.0772
57.8309 16.0729
57.8573 16.0686
57.8837 16.0643
57.9101 16.0599
57.9365 16.0556
57.963 16.0513
57.9894 16.0469
58.0158 16.0426
58.0422 16.0382
58.0686 16.0338
58.0951 16.0294
58.1215 16.025
58.1479 16.0206
58.1743 16.0162
58.2007 16.0118
58.2271 16.0073
58.2536 16.0029
58.28 15.9984
58.3064 15.9939
58.3328 15.9895
58.3592 15.985
58.3857 15.9805
58.4121 15.976
58.4385 15.9715
58.4649 15.9669
58.4913 15.9624
58.5178 15.9578
58.5442 15.9533
58.5706 15.9487
58.597 15.9441
58.6234 15.9396
58.6498 15.935
58.6763 15.9304
58.7027 15.9257
58.7291 15.9211
58.7555 15.9165
58.7819 15.9118
58.8084 15.9072
58.8348 15.9025
58.8612 15.8978
58.8876 15.8932
58.914 15.8885
58.9405 15.8838
58.9669 15.879
58.9933 15.8743
59.0197 15.8696
59.0461 15.8648
59.0726 15.8601
59.099 15.8553
59.1254 15.8506
59.1518 15.8458
59.1782 15.841
59.2046 15.8362
59.2311 15.8314
59.2575 15.8265
59.2839 15.8217
59.3103 15.8169
59.3367 15.812
59.3632 15.8072
59.3896 15.8023
59.416 15.7974
59.4424 15.7925
59.4688 15.7876
59.4953 15.7827
59.5217 15.7778
59.5481 15.7729
59.5745 15.7679
59.6009 15.763
59.6273 15.758
59.6538 15.753
59.6802 15.7481
59.7066 15.7431
59.733 15.7381
59.7594 15.7331
59.7859 15.7281
59.8123 15.723
59.8387 15.718
59.8651 15.7129
59.8915 15.7079
59.918 15.7028
59.9444 15.6977
59.9708 15.6927
59.9972 15.6876
60.0236 15.6825
60.05 15.6773
60.0765 15.6722
60.1029 15.6671
60.1293 15.6619
60.1557 15.6568
60.1821 15.6516
60.2086 15.6464
60.235 15.6413
60.2614 15.6361
60.2878 15.6309
60.3142 15.6256
60.3407 15.6204
60.3671 15.6152
60.3935 15.6099
60.4199 15.6047
60.4463 15.5994
60.4727 15.5942
60.4992 15.5889
60.5256 15.5836
60.552 15.5783
60.5784 15.573
60.6048 15.5677
60.6313 15.5623
60.6577 15.557
60.6841 15.5516
60.7105 15.5463
60.7369 15.5409
60.7634 15.5355
60.7898 15.5301
60.8162 15.5247
60.8426 15.5193
60.869 15.5139
60.8955 15.5085
60.9219 15.503
60.9483 15.4976
60.9747 15.4921
61.0011 15.4867
61.0275 15.4812
61.054 15.4757
61.0804 15.4702
61.1068 15.4647
61.1332 15.4592
61.1596 15.4536
61.1861 15.4481
61.2125 15.4426
61.2389 15.437
61.2653 15.4314
61.2917 15.4259
61.3182 15.4203
61.3446 15.4147
61.371 15.4091
61.3974 15.4035
61.4238 15.3978
61.4502 15.3922
61.4767 15.3866
61.5031 15.3809
61.5295 15.3752
61.5559 15.3696
61.5823 15.3639
61.6088 15.3582
61.6352 15.3525
61.6616 15.3468
61.688 15.341
61.7144 15.3353
61.7409 15.3296
61.7673 15.3238
61.7937 15.3181
61.8201 15.3123
61.8465 15.3065
61.8729 15.3007
61.8994 15.2949
61.9258 15.2891
61.9522 15.2833
61.9786 15.2774
62.005 15.2716
62.0315 15.2658
62.0579 15.2599
62.0843 15.254
62.1107 15.2481
62.1371 15.2423
62.1636 15.2364
62.19 15.2304
62.2164 15.2245
62.2428 15.2186
62.2692 15.2127
62.2956 15.2067
62.3221 15.2007
62.3485 15.1948
62.3749 15.1888
62.4013 15.1828
62.4277 15.1768
62.4542 15.1708
62.4806 15.1648
62.507 15.1588
62.5334 15.1527
62.5598 15.1467
62.5863 15.1406
62.6127 15.1346
62.6391 15.1285
62.6655 15.1224
62.6919 15.1163
62.7184 15.1102
62.7448 15.1041
62.7712 15.098
62.7976 15.0918
62.824 15.0857
62.8504 15.0795
62.8769 15.0734
62.9033 15.0672
62.9297 15.061
62.9561 15.0548
62.9825 15.0486
63.009 15.0424
63.0354 15.0362
63.0618 15.0299
63.0882 15.0237
63.1146 15.0174
63.1411 15.0112
63.1675 15.0049
63.1939 14.9986
63.2203 14.9923
63.2467 14.986
63.2731 14.9797
63.2996 14.9734
63.326 14.9671
63.3524 14.9607
63.3788 14.9544
63.4052 14.948
63.4317 14.9417
63.4581 14.9353
63.4845 14.9289
63.5109 14.9225
63.5373 14.9161
63.5638 14.9097
63.5902 14.9032
63.6166 14.8968
63.643 14.8903
63.6694 14.8839
63.6958 14.8774
63.7223 14.8709
63.7487 14.8644
63.7751 14.858
63.8015 14.8514
63.8279 14.8449
63.8544 14.8384
63.8808 14.8319
63.9072 14.8253
63.9336 14.8188
63.96 14.8122
63.9865 14.8056
64.0129 14.799
64.0393 14.7924
64.0657 14.7858
64.0921 14.7792
64.1186 14.7726
64.145 14.766
64.1714 14.7593
64.1978 14.7527
64.2242 14.746
64.2506 14.7393
64.2771 14.7326
64.3035 14.7259
64.3299 14.7192
64.3563 14.7125
64.3827 14.7058
64.4092 14.6991
64.4356 14.6923
64.462 14.6856
64.4884 14.6788
64.5148 14.672
64.5413 14.6653
64.5677 14.6585
64.5941 14.6517
64.6205 14.6449
64.6469 14.638
64.6733 14.6312
64.6998 14.6244
64.7262 14.6175
64.7526 14.6107
64.779 14.6038
64.8054 14.5969
64.8319 14.59
64.8583 14.5831
64.8847 14.5762
64.9111 14.5693
64.9375 14.5624
64.964 14.5554
64.9904 14.5485
65.0168 14.5415
65.0432 14.5346
65.0696 14.5276
65.096 14.5206
65.1225 14.5136
65.1489 14.5066
65.1753 14.4996
65.2017 14.4925
65.2281 14.4855
65.2546 14.4785
65.281 14.4714
65.3074 14.4643
65.3338 14.4573
65.3602 14.4502
65.3867 14.4431
65.4131 14.436
65.4395 14.4289
65.4659 14.4217
65.4923 14.4146
65.5187 14.4075
65.5452 14.4003
65.5716 14.3931
65.598 14.386
65.6244 14.3788
65.6508 14.3716
65.6773 14.3644
65.7037 14.3572
65.7301 14.35
65.7565 14.3427
65.7829 14.3355
65.8094 14.3282
65.8358 14.321
65.8622 14.3137
65.8886 14.3064
65.915 14.2991
65.9415 14.2918
65.9679 14.2845
65.9943 14.2772
66.0207 14.2699
66.0471 14.2625
66.0735 14.2552
66.1 14.2478
66.1264 14.2404
66.1528 14.2331
66.1792 14.2257
66.2056 14.2183
66.2321 14.2109
66.2585 14.2034
66.2849 14.196
66.3113 14.1886
66.3377 14.1811
66.3642 14.1737
66.3906 14.1662
66.417 14.1587
66.4434 14.1512
66.4698 14.1437
66.4962 14.1362
66.5227 14.1287
66.5491 14.1212
66.5755 14.1137
66.6019 14.1061
66.6283 14.0986
66.6548 14.091
66.6812 14.0834
66.7076 14.0758
66.734 14.0682
66.7604 14.0606
66.7869 14.053
66.8133 14.0454
66.8397 14.0378
66.8661 14.0301
66.8925 14.0225
66.9189 14.0148
66.9454 14.0071
66.9718 13.9994
66.9982 13.9918
67.0246 13.984
67.051 13.9763
67.0775 13.9686
67.1039 13.9609
67.1303 13.9531
67.1567 13.9454
67.1831 13.9376
67.2096 13.9299
67.236 13.9221
67.2624 13.9143
67.2888 13.9065
67.3152 13.8987
67.3417 13.8909
67.3681 13.883
67.3945 13.8752
67.4209 13.8673
67.4473 13.8595
67.4737 13.8516
67.5002 13.8437
67.5266 13.8358
67.553 13.8279
67.5794 13.82
67.6058 13.8121
67.6323 13.8042
67.6587 13.7962
67.6851 13.7883
67.7115 13.7803
67.7379 13.7724
67.7644 13.7644
67.7908 13.7564
67.8172 13.7484
67.8436 13.7404
67.87 13.7324
67.8964 13.7244
67.9229 13.7163
67.9493 13.7083
67.9757 13.7002
68.0021 13.6922
68.0285 13.6841
68.055 13.676
68.0814 13.6679
68.1078 13.6598
68.1342 13.6517
68.1606 13.6436
68.1871 13.6354
68.2135 13.6273
68.2399 13.6191
68.2663 13.611
68.2927 13.6028
68.3191 13.5946
68.3456 13.5864
68.372 13.5782
68.3984 13.57
68.4248 13.5618
68.4512 13.5536
68.4777 13.5453
68.5041 13.5371
68.5305 13.5288
68.5569 13.5205
68.5833 13.5122
68.6098 13.504
68.6362 13.4957
68.6626 13.4873
68.689 13.479
68.7154 13.4707
68.7418 13.4624
68.7683 13.454
68.7947 13.4456
68.8211 13.4373
68.8475 13.4289
68.8739 13.4205
68.9004 13.4121
68.9268 13.4037
68.9532 13.3953
68.9796 13.3869
69.006 13.3784
69.0325 13.37
69.0589 13.3615
69.0853 13.353
69.1117 13.3446
69.1381 13.3361
69.1646 13.3276
69.191 13.3191
69.2174 13.3106
69.2438 13.302
69.2702 13.2935
69.2966 13.285
69.3231 13.2764
69.3495 13.2678
69.3759 13.2593
69.4023 13.2507
69.4287 13.2421
69.4552 13.2335
69.4816 13.2249
69.508 13.2162
69.5344 13.2076
69.5608 13.199
69.5873 13.1903
69.6137 13.1816
69.6401 13.173
69.6665 13.1643
69.6929 13.1556
69.7193 13.1469
69.7458 13.1382
69.7722 13.1295
69.7986 13.1207
69.825 13.112
69.8514 13.1032
69.8779 13.0945
69.9043 13.0857
69.9307 13.0769
69.9571 13.0681
69.9835 13.0593
70.01 13.0505
70.0364 13.0417
70.0628 13.0329
70.0892 13.024
70.1156 13.0152
70.142 13.0063
70.1685 12.9975
70.1949 12.9886
70.2213 12.9797
70.2477 12.9708
70.2741 12.9619
70.3006 12.953
70.327 12.944
70.3534 12.9351
70.3798 12.9262
70.4062 12.9172
70.4327 12.9082
70.4591 12.8993
70.4855 12.8903
70.5119 12.8813
70.5383 12.8723
70.5648 12.8632
70.5912 12.8542
70.6176 12.8452
70.644 12.8361
70.6704 12.8271
70.6968 12.818
70.7233 12.8089
70.7497 12.7999
70.7761 12.7908
70.8025 12.7817
70.8289 12.7725
70.8554 12.7634
70.8818 12.7543
70.9082 12.7451
70.9346 12.736
70.961 12.7268
70.9875 12.7177
71.0139 12.7085
71.0403 12.6993
71.0667 12.6901
71.0931 12.6809
71.1195 12.6717
71.146 12.6624
71.1724 12.6532
71.1988 12.6439
71.2252 12.6347
71.2516 12.6254
71.2781 12.6161
71.3045 12.6068
71.3309 12.5975
71.3573 12.5882
71.3837 12.5789
71.4102 12.5696
71.4366 12.5602
71.463 12.5509
71.4894 12.5415
71.5158 12.5321
71.5422 12.5228
71.5687 12.5134
71.5951 12.504
71.6215 12.4946
71.6479 12.4852
71.6743 12.4757
71.7008 12.4663
71.7272 12.4568
71.7536 12.4474
71.78 12.4379
71.8064 12.4284
71.8329 12.419
71.8593 12.4095
71.8857 12.4
71.9121 12.3904
71.9385 12.3809
71.9649 12.3714
71.9914 12.3618
72.0178 12.3523
72.0442 12.3427
72.0706 12.3331
72.097 12.3236
72.1235 12.314
72.1499 12.3044
72.1763 12.2947
72.2027 12.2851
72.2291 12.2755
72.2556 12.2658
72.282 12.2562
72.3084 12.2465
72.3348 12.2369
72.3612 12.2272
72.3877 12.2175
72.4141 12.2078
72.4405 12.1981
72.4669 12.1883
72.4933 12.1786
72.5197 12.1689
72.5462 12.1591
72.5726 12.1494
72.599 12.1396
72.6254 12.1298
72.6518 12.12
72.6783 12.1102
72.7047 12.1004
72.7311 12.0906
72.7575 12.0808
72.7839 12.0709
72.8104 12.0611
72.8368 12.0512
72.8632 12.0414
72.8896 12.0315
72.916 12.0216
72.9424 12.0117
72.9689 12.0018
72.9953 11.9919
73.0217 11.9819
73.0481 11.972
73.0745 11.9621
73.101 11.9521
73.1274 11.9421
73.1538 11.9322
73.1802 11.9222
73.2066 11.9122
73.2331 11.9022
73.2595 11.8921
73.2859 11.8821
73.3123 11.8721
73.3387 11.862
73.3651 11.852
73.3916 11.8419
73.418 11.8318
73.4444 11.8218
73.4708 11.8117
73.4972 11.8016
73.5237 11.7915
73.5501 11.7813
73.5765 11.7712
73.6029 11.7611
73.6293 11.7509
73.6558 11.7407
73.6822 11.7306
73.7086 11.7204
73.735 11.7102
73.7614 11.7
73.7878 11.6898
73.8143 11.6796
73.8407 11.6693
73.8671 11.6591
73.8935 11.6488
73.9199 11.6386
73.9464 11.6283
73.9728 11.618
73.9992 11.6077
74.0256 11.5974
74.052 11.5871
74.0785 11.5768
74.1049 11.5665
74.1313 11.5561
74.1577 11.5458
74.1841 11.5354
74.2106 11.5251
74.237 11.5147
74.2634 11.5043
74.2898 11.4939
74.3162 11.4835
74.3426 11.4731
74.3691 11.4626
74.3955 11.4522
74.4219 11.4418
74.4483 11.4313
74.4747 11.4208
74.5012 11.4104
74.5276 11.3999
74.554 11.3894
74.5804 11.3789
74.6068 11.3684
74.6333 11.3578
74.6597 11.3473
74.6861 11.3368
74.7125 11.3262
74.7389 11.3156
74.7653 11.3051
74.7918 11.2945
74.8182 11.2839
74.8446 11.2733
74.871 11.2627
74.8974 11.252
74.9239 11.2414
74.9503 11.2308
74.9767 11.2201
75.0031 11.2095
75.0295 11.1988
75.056 11.1881
75.0824 11.1774
75.1088 11.1667
75.1352 11.156
75.1616 11.1453
75.188 11.1345
75.2145 11.1238
75.2409 11.1131
75.2673 11.1023
75.2937 11.0915
75.3201 11.0807
75.3466 11.07
75.373 11.0592
75.3994 11.0483
75.4258 11.0375
75.4522 11.0267
75.4787 11.0159
75.5051 11.005
75.5315 10.9942
75.5579 10.9833
75.5843 10.9724
75.6108 10.9615
75.6372 10.9506
75.6636 10.9397
75.69 10.9288
75.7164 10.9179
75.7428 10.9069
75.7693 10.896
75.7957 10.885
75.8221 10.8741
75.8485 10.8631
75.8749 10.8521
75.9014 10.8411
75.9278 10.8301
75.9542 10.8191
75.9806 10.8081
76.007 10.797
76.0335 10.786
76.0599 10.7749
76.0863 10.7639
76.1127 10.7528
76.1391 10.7417
76.1655 10.7306
76.192 10.7195
76.2184 10.7084
76.2448 10.6973
76.2712 10.6861
76.2976 10.675
76.3241 10.6638
76.3505 10.6527
76.3769 10.6415
76.4033 10.6303
76.4297 10.6191
76.4562 10.6079
76.4826 10.5967
76.509 10.5855
76.5354 10.5743
76.5618 10.563
76.5882 10.5518
76.6147 10.5405
76.6411 10.5293
76.6675 10.518
76.6939 10.5067
76.7203 10.4954
76.7468 10.4841
76.7732 10.4728
76.7996 10.4614
76.826 10.4501
76.8524 10.4387
76.8789 10.4274
76.9053 10.416
76.9317 10.4046
76.9581 10.3933
76.9845 10.3819
77.0109 10.3704
77.0374 10.359
77.0638 10.3476
77.0902 10.3362
77.1166 10.3247
77.143 10.3133
77.1695 10.3018
77.1959 10.2903
77.2223 10.2788
77.2487 10.2673
77.2751 10.2558
77.3016 10.2443
77.328 10.2328
77.3544 10.2213
77.3808 10.2097
77.4072 10.1982
77.4337 10.1866
77.4601 10.175
77.4865 10.1634
77.5129 10.1519
77.5393 10.1402
77.5657 10.1286
77.5922 10.117
77.6186 10.1054
77.645 10.0937
77.6714 10.0821
77.6978 10.0704
77.7243 10.0588
77.7507 10.0471
77.7771 10.0354
77.8035 10.0237
77.8299 10.012
77.8564 10.0002
77.8828 9.98852
77.9092 9.97678
77.9356 9.96503
77.962 9.95327
77.9884 9.9415
78.0149 9.92972
78.0413 9.91793
78.0677 9.90613
78.0941 9.89432
78.1205 9.8825
78.147 9.87067
78.1734 9.85883
78.1998 9.84699
78.2262 9.83513
78.2526 9.82326
78.2791 9.81138
78.3055 9.7995
78.3319 9.7876
78.3583 9.77569
78.3847 9.76378
78.4111 9.75185
78.4376 9.73991
78.464 9.72797
78.4904 9.71601
78.5168 9.70404
78.5432 9.69207
78.5697 9.68008
78.5961 9.66809
78.6225 9.65608
78.6489 9.64407
78.6753 9.63204
78.7018 9.62001
78.7282 9.60797
78.7546 9.59591
78.781 9.58385
78.8074 9.57178
78.8339 9.55969
78.8603 9.5476
78.8867 9.5355
78.9131 9.52338
78.9395 9.51126
78.9659 9.49913
78.9924 9.48699
79.0188 9.47483
79.0452 9.46267
79.0716 9.4505
79.098 9.43832
79.1245 9.42613
79.1509 9.41393
79.1773 9.40172
79.2037 9.3895
79.2301 9.37727
79.2566 9.36503
79.283 9.35278
79.3094 9.34052
79.3358 9.32825
79.3622 9.31597
79.3886 9.30368
79.4151 9.29138
79.4415 9.27907
79.4679 9.26675
79.4943 9.25442
79.5207 9.24209
79.5472 9.22974
79.5736 9.21738
79.6 9.20501
79.6264 9.19264
79.6528 9.18025
79.6793 9.16785
79.7057 9.15545
79.7321 9.14303
79.7585 9.1306
79.7849 9.11817
79.8113 9.10572
79.8378 9.09327
79.8642 9.0808
79.8906 9.06832
79.917 9.05584
79.9434 9.04334
79.9699 9.03084
79.9963 9.01833
80.0227 9.0058
80.0491 8.99327
80.0755 8.98072
80.102 8.96817
80.1284 8.95561
80.1548 8.94303
80.1812 8.93045
80.2076 8.91786
80.234 8.90525
80.2605 8.89264
80.2869 8.88002
80.3133 8.86739
80.3397 8.85475
80.3661 8.84209
80.3926 8.82943
80.419 8.81676
80.4454 8.80408
80.4718 8.79139
80.4982 8.77869
80.5247 8.76598
80.5511 8.75326
80.5775 8.74053
80.6039 8.72779
80.6303 8.71504
80.6568 8.70228
80.6832 8.68951
80.7096 8.67673
80.736 8.66394
80.7624 8.65114
80.7888 8.63833
80.8153 8.62552
80.8417 8.61269
80.8681 8.59985
80.8945 8.587
80.9209 8.57414
80.9474 8.56128
80.9738 8.5484
81.0002 8.53551
81.0266 8.52262
81.053 8.50971
81.0795 8.49679
81.1059 8.48387
81.1323 8.47093
81.1587 8.45799
81.1851 8.44503
81.2115 8.43206
81.238 8.41909
81.2644 8.4061
81.2908 8.39311
81.3172 8.38011
81.3436 8.36709
81.3701 8.35407
81.3965 8.34103
81.4229 8.32799
81.4493 8.31494
81.4757 8.30187
81.5022 8.2888
81.5286 8.27572
81.555 8.26262
81.5814 8.24952
81.6078 8.23641
81.6342 8.22329
81.6607 8.21016
81.6871 8.19701
81.7135 8.18386
81.7399 8.1707
81.7663 8.15753
81.7928 8.14435
81.8192 8.13116
81.8456 8.11796
81.872 8.10475
81.8984 8.09153
81.9249 8.0783
81.9513 8.06506
81.9777 8.05181
82.0041 8.03855
82.0305 8.02528
82.057 8.012
82.0834 7.99871
82.1098 7.98541
82.1362 7.97211
82.1626 7.95879
82.189 7.94546
82.2155 7.93212
82.2419 7.91877
82.2683 7.90542
82.2947 7.89205
82.3211 7.87867
82.3476 7.86529
82.374 7.85189
82.4004 7.83848
82.4268 7.82507
82.4532 7.81164
82.4797 7.79821
82.5061 7.78476
82.5325 7.77131
82.5589 7.75784
82.5853 7.74437
82.6117 7.73088
82.6382 7.71739
82.6646 7.70388
82.691 7.69037
82.7174 7.67684
82.7438 7.66331
82.7703 7.64977
82.7967 7.63621
82.8231 7.62265
82.8495 7.60908
82.8759 7.59549
82.9024 7.5819
82.9288 7.5683
82.9552 7.55469
82.9816 7.54107
83.008 7.52743
83.0344 7.51379
83.0609 7.50014
83.0873 7.48648
83.1137 7.47281
83.1401 7.45913
83.1665 7.44544
83.193 7.43174
83.2194 7.41803
83.2458 7.40431
83.2722 7.39058
83.2986 7.37684
83.3251 7.36309
83.3515 7.34933
83.3779 7.33556
83.4043 7.32178
83.4307 7.30799
83.4571 7.2942
83.4836 7.28039
83.51 7.26657
83.5364 7.25274
83.5628 7.2389
83.5892 7.22506
83.6157 7.2112
83.6421 7.19733
83.6685 7.18346
83.6949 7.16957
83.7213 7.15567
83.7478 7.14177
83.7742 7.12785
83.8006 7.11393
83.827 7.09999
83.8534 7.08605
83.8799 7.07209
83.9063 7.05813
83.9327 7.04415
83.9591 7.03017
83.9855 7.01617
84.0119 7.00217
84.0384 6.98815
84.0648 6.97413
84.0912 6.9601
84.1176 6.94605
84.144 6.932
84.1705 6.91794
84.1969 6.90387
84.2233 6.88978
84.2497 6.87569
84.2761 6.86159
84.3026 6.84748
84.329 6.83335
84.3554 6.81922
84.3818 6.80508
84.4082 6.79093
84.4346 6.77677
84.4611 6.7626
84.4875 6.74842
84.5139 6.73423
84.5403 6.72003
84.5667 6.70582
84.5932 6.6916
84.6196 6.67737
84.646 6.66313
84.6724 6.64888
84.6988 6.63462
84.7253 6.62035
84.7517 6.60607
84.7781 6.59179
84.8045 6.57749
84.8309 6.56318
84.8573 6.54886
84.8838 6.53454
84.9102 6.5202
84.9366 6.50585
84.963 6.49149
84.9894 6.47713
85.0159 6.46275
85.0423 6.44836
85.0687 6.43397
85.0951 6.41956
85.1215 6.40515
85.148 6.39072
85.1744 6.37629
85.2008 6.36184
85.2272 6.34739
85.2536 6.33292
85.28 6.31845
85.3065 6.30396
85.3329 6.28947
85.3593 6.27496
85.3857 6.26045
85.4121 6.24593
85.4386 6.23139
85.465 6.21685
85.4914 6.2023
85.5178 6.18774
85.5442 6.17316
85.5707 6.15858
85.5971 6.14399
85.6235 6.12939
85.6499 6.11478
85.6763 6.10015
85.7028 6.08552
85.7292 6.07088
85.7556 6.05623
85.782 6.04157
85.8084 6.0269
85.8348 6.01222
85.8613 5.99753
85.8877 5.98283
85.9141 5.96812
85.9405 5.9534
85.9669 5.93867
85.9934 5.92393
86.0198 5.90918
86.0462 5.89442
86.0726 5.87966
86.099 5.86488
86.1255 5.85009
86.1519 5.83529
86.1783 5.82048
86.2047 5.80567
86.2311 5.79084
86.2575 5.776
86.284 5.76115
86.3104 5.7463
86.3368 5.73143
86.3632 5.71656
86.3896 5.70167
86.4161 5.68677
86.4425 5.67187
86.4689 5.65695
86.4953 5.64203
86.5217 5.62709
86.5482 5.61215
86.5746 5.59719
86.601 5.58223
86.6274 5.56725
86.6538 5.55227
86.6802 5.53728
86.7067 5.52227
86.7331 5.50726
86.7595 5.49223
86.7859 5.4772
86.8123 5.46216
86.8388 5.44711
86.8652 5.43204
86.8916 5.41697
86.918 5.40189
86.9444 5.3868
86.9709 5.3717
86.9973 5.35658
87.0237 5.34146
87.0501 5.32633
87.0765 5.31119
87.103 5.29604
87.1294 5.28088
87.1558 5.26571
87.1822 5.25053
87.2086 5.23534
87.235 5.22014
87.2615 5.20493
87.2879 5.18971
87.3143 5.17448
87.3407 5.15924
87.3671 5.14399
87.3936 5.12874
87.42 5.11347
87.4464 5.09819
87.4728 5.0829
87.4992 5.0676
87.5257 5.0523
87.5521 5.03698
87.5785 5.02165
87.6049 5.00631
87.6313 4.99097
87.6577 4.97561
87.6842 4.96025
87.7106 4.94487
87.737 4.92948
87.7634 4.91409
87.7898 4.89868
87.8163 4.88327
87.8427 4.86784
87.8691 4.85241
87.8955 4.83696
87.9219 4.82151
87.9484 4.80604
87.9748 4.79057
88.0012 4.77509
88.0276 4.75959
88.054 4.74409
88.0804 4.72858
88.1069 4.71305
88.1333 4.69752
88.1597 4.68198
88.1861 4.66642
88.2125 4.65086
88.239 4.63529
88.2654 4.61971
88.2918 4.60412
88.3182 4.58851
88.3446 4.5729
88.3711 4.55728
88.3975 4.54165
88.4239 4.52601
88.4503 4.51036
88.4767 4.4947
88.5031 4.47903
88.5296 4.46335
88.556 4.44766
88.5824 4.43196
88.6088 4.41625
88.6352 4.40053
88.6617 4.3848
88.6881 4.36906
88.7145 4.35332
88.7409 4.33756
88.7673 4.32179
88.7938 4.30601
88.8202 4.29022
88.8466 4.27443
88.873 4.25862
88.8994 4.2428
88.9259 4.22698
88.9523 4.21114
88.9787 4.19529
89.0051 4.17944
89.0315 4.16357
89.0579 4.14769
89.0844 4.13181
89.1108 4.11591
89.1372 4.10001
89.1636 4.08409
89.19 4.06817
89.2165 4.05223
89.2429 4.03629
89.2693 4.02033
89.2957 4.00437
89.3221 3.9884
89.3486 3.97241
89.375 3.95642
89.4014 3.94042
89.4278 3.9244
89.4542 3.90838
89.4806 3.89235
89.5071 3.8763
89.5335 3.86025
89.5599 3.84419
89.5863 3.82812
89.6127 3.81204
89.6392 3.79594
89.6656 3.77984
89.692 3.76373
89.7184 3.74761
89.7448 3.73148
89.7713 3.71534
89.7977 3.69919
89.8241 3.68303
89.8505 3.66686
89.8769 3.65068
89.9033 3.63449
89.9298 3.61829
89.9562 3.60208
89.9826 3.58586
90.009 3.56964
90.0354 3.5534
90.0619 3.53715
90.0883 3.52089
90.1147 3.50462
90.1411 3.48834
90.1675 3.47206
90.194 3.45576
90.2204 3.43945
90.2468 3.42314
90.2732 3.40681
90.2996 3.39047
90.3261 3.37413
90.3525 3.35777
90.3789 3.3414
90.4053 3.32503
90.4317 3.30864
90.4581 3.29225
90.4846 3.27584
90.511 3.25943
90.5374 3.243
90.5638 3.22657
90.5902 3.21012
90.6167 3.19367
90.6431 3.17721
90.6695 3.16073
90.6959 3.14425
90.7223 3.12776
90.7488 3.11125
90.7752 3.09474
90.8016 3.07822
90.828 3.06168
90.8544 3.04514
90.8808 3.02859
90.9073 3.01203
90.9337 2.99546
90.9601 2.97888
90.9865 2.96228
91.0129 2.94568
91.0394 2.92907
91.0658 2.91245
91.0922 2.89582
91.1186 2.87918
91.145 2.86253
91.1715 2.84587
91.1979 2.8292
91.2243 2.81252
91.2507 2.79583
91.2771 2.77913
91.3035 2.76242
91.33 2.74571
91.3564 2.72898
91.3828 2.71224
91.4092 2.69549
91.4356 2.67873
91.4621 2.66197
91.4885 2.64519
91.5149 2.6284
91.5413 2.6116
91.5677 2.5948
91.5942 2.57798
91.6206 2.56115
91.647 2.54432
91.6734 2.52747
91.6998 2.51061
91.7262 2.49375
91.7527 2.47687
91.7791 2.45999
91.8055 2.44309
91.8319 2.42619
91.8583 2.40927
91.8848 2.39235
91.9112 2.37541
91.9376 2.35847
91.964 2.34152
91.9904 2.32455
92.0169 2.30758
92.0433 2.2906
92.0697 2.2736
92.0961 2.2566
92.1225 2.23959
92.149 2.22257
92.1754 2.20553
92.2018 2.18849
92.2282 2.17144
92.2546 2.15438
92.281 2.13731
92.3075 2.12022
92.3339 2.10313
92.3603 2.08603
92.3867 2.06892
92.4131 2.0518
92.4396 2.03467
92.466 2.01753
92.4924 2.00038
92.5188 1.98322
92.5452 1.96605
92.5717 1.94887
92.5981 1.93168
92.6245 1.91448
92.6509 1.89728
92.6773 1.88006
92.7037 1.86283
92.7302 1.84559
92.7566 1.82834
92.783 1.81109
92.8094 1.79382
92.8358 1.77654
92.8623 1.75925
92.8887 1.74196
92.9151 1.72465
92.9415 1.70733
92.9679 1.69001
92.9944 1.67267
93.0208 1.65533
93.0472 1.63797
93.0736 1.6206
93.1 1.60323
93.1264 1.58584
93.1529 1.56845
93.1793 1.55104
93.2057 1.53363
93.2321 1.51621
93.2585 1.49877
93.285 1.48133
93.3114 1.46387
93.3378 1.44641
93.3642 1.42894
93.3906 1.41145
93.4171 1.39396
93.4435 1.37646
93.4699 1.35895
93.4963 1.34142
93.5227 1.32389
93.5492 1.30635
93.5756 1.2888
93.602 1.27124
93.6284 1.25366
93.6548 1.23608
93.6812 1.21849
93.7077 1.20089
93.7341 1.18328
93.7605 1.16566
93.7869 1.14803
93.8133 1.13039
93.8398 1.11274
93.8662 1.09508
93.8926 1.07741
93.919 1.05973
93.9454 1.04205
93.9719 1.02435
93.9983 1.00664
94.0247 0.98892
94.0511 0.971192
94.0775 0.953454
94.1039 0.935706
94.1304 0.917948
94.1568 0.900181
94.1832 0.882404
94.2096 0.864617
94.236 0.84682
94.2625 0.829014
94.2889 0.811198
94.3153 0.793372
94.3417 0.775536
94.3681 0.75769
94.3946 0.739835
94.421 0.721969
94.4474 0.704094
94.4738 0.686209
94.5002 0.668315
94.5266 0.65041
94.5531 0.632496
94.5795 0.614572
94.6059 0.596638
94.6323 0.578694
94.6587 0.560741
94.6852 0.542777
94.7116 0.524804
94.738 0.506821
94.7644 0.488829
94.7908 0.470826
94.8173 0.452814
94.8437 0.434792
94.8701 0.41676
94.8965 0.398718
94.9229 0.380667
94.9493 0.362605
94.9758 0.344534
95.0022 0.326453
95.0286 0.308363
95.055 0.290262
95.0814 0.272152
95.1079 0.254032
95.1343 0.235902
95.1607 0.217762
95.1871 0.199613
95.2135 0.181454
95.24 0.163284
95.2664 0.145106
95.2928 0.126917
95.3192 0.108718
95.3456 0.0905101
95.3721 0.072292
95.3985 0.0540641
95.4249 0.0358264
95.4513 0.0175789
95.4777 -0.000678391
95.5041 -0.0189455
95.5306 -0.0372224
95.557 -0.0555091
95.5834 -0.0738056
95.6098 -0.0921118
95.6362 -0.110428
95.6627 -0.128754
95.6891 -0.14709
95.7155 -0.165435
95.7419 -0.18379
95.7683 -0.202155
95.7948 -0.22053
95.8212 -0.238915
95.8476 -0.257309
95.874 -0.275714
95.9004 -0.294128
95.9268 -0.312552
95.9533 -0.330985
95.9797 -0.349429
96.0061 -0.367882
96.0325 -0.386345
